name: colmap
channels:
- anaconda
- blaze
- conda-forge
- defaults
dependencies:
- blas=1.0=mkl
- glob2=0.7=py_0
- icc_rt=2019.0.0=h0cc432a_1
- python-dateutil=2.8.1=py_0
- pytz=2020.1=py_0
- six=1.15.0=py_0
- zlib=1.2.11=vc14h1cdd9ab_1
- sqlite3=3.8.6=0
- aiomysql=0.0.21=pyhd8ed1ab_0
- aiosqlite=0.17.0=pyhd8ed1ab_0
- asyncpg=0.24.0=py39hb82d6ee_0
- ca-certificates=2021.10.8=h5b45459_0
- cffi=1.14.6=py39h0878f49_1
- cryptography=35.0.0=py39h7bc7c5c_1
- databases=0.5.2=py39hcbf5309_0
- freeglut=3.2.1=h0e60522_2
- freetype=2.10.4=h546665d_1
- greenlet=1.1.2=py39h415ef7b_0
- icu=68.1=h0e60522_0
- intel-openmp=2021.4.0=h57928b3_3556
- jasper=2.0.33=h77af90b_0
- jbig=2.1=h8d14728_2003
- jpeg=9d=h8ffe710_0
- lerc=3.0=h0e60522_0
- libblas=3.9.0=12_win64_mkl
- libcblas=3.9.0=12_win64_mkl
- libclang=11.1.0=default_h5c34c98_1
- libdeflate=1.8=h8ffe710_0
- liblapack=3.9.0=12_win64_mkl
- liblapacke=3.9.0=12_win64_mkl
- libopencv=4.5.3=py39h4b6fd43_5
- libpng=1.6.37=h1d00b33_2
- libprotobuf=3.18.1=h7755175_0
- libtiff=4.3.0=hd413186_2
- libwebp-base=1.2.1=h8ffe710_0
- libzlib=1.2.11=h8ffe710_1013
- lz4-c=1.9.3=h8ffe710_1
- mkl=2021.4.0=h0e2418a_729
- numpy=1.21.3=py39h6635163_0
- opencv=4.5.3=py39hcbf5309_5
- openssl=1.1.1l=h8ffe710_0
- pip=21.3.1=pyhd8ed1ab_0
- py-opencv=4.5.3=py39h832f523_5
- pycparser=2.20=pyh9f0ad1d_2
- pymysql=0.9.2=pyhd3deb0d_0
- python=3.9.7=h7840368_3_cpython
- python_abi=3.9=2_cp39
- qt=5.12.9=h5909a2a_4
- setuptools=58.2.0=py39hcbf5309_0
- sqlalchemy=1.4.26=py39hb82d6ee_0
- tbb=2021.3.0=h2d74725_0
- typing-extensions=3.10.0.2=hd8ed1ab_0
- typing_extensions=3.10.0.2=pyha770c72_0
- tzdata=2021e=he74cb21_0
- ucrt=10.0.20348.0=h57928b3_0
- vc=14.2=hb210afc_5
- vs2015_runtime=14.29.30037=h902a5da_5
- wheel=0.37.0=pyhd8ed1ab_1
- xz=5.2.5=h62dcd97_1
- zstd=1.5.0=h6255e5f_0
- bottleneck=1.3.2=py39h7cc1a96_1
- mkl-service=2.4.0=py39h2bbff1b_0
- numexpr=2.7.3=py39hb80d3ca_1
- pandas=1.3.4=py39h6214cd6_0
- scipy=1.7.1=py39hbe87c03_2
- sqlite=3.36.0=h2bbff1b_0
prefix: C:\Users\ryo\Anaconda3\envs\colmap

